.Random.seed <-
c(403L, 368L, 1281531765L, -156008156L, 1493078086L, -189693131L, 
-1574497233L, -1492760062L, 876270732L, 2098340018L, 311568622L, 
-279945796L, -1041120860L, -1945820427L, 1735616273L, -2044373871L, 
2004254500L, -638154568L, 198271655L, 92661685L, 1069267129L, 
678515135L, -1983372825L, 1243057556L, -1958473411L, -159328779L, 
-1755342975L, -2000851030L, 1040310100L, 12300432L, 705927435L, 
1630802784L, -646275097L, -828043417L, 377260448L, -291709470L, 
2128535175L, -312497090L, -77841146L, 1824612830L, 980277611L, 
1188276178L, -1583089114L, 1394293215L, -906722654L, 1763684519L, 
-1341601249L, 2119589144L, -1096363583L, -792976838L, -1703264454L, 
372307403L, -1856335654L, -133906201L, -474276217L, 1896273470L, 
1455165283L, -523272217L, 695780422L, -1936968303L, 231046848L, 
127840152L, -228719142L, 1113372346L, -1992345104L, -1142044190L, 
1359890853L, -1200105666L, 1601667669L, -1828103323L, -801841528L, 
-1398957315L, -117970529L, 1254113655L, 729898491L, 1086649509L, 
-1729163587L, -1961733150L, 1419670304L, -983361759L, 1356027172L, 
1534108341L, 1516953404L, -867079373L, 2062598080L, 1905950795L, 
-275428359L, -878718138L, -704772481L, -1315821451L, -1887075893L, 
367791760L, 1788697826L, -456243046L, 1436295117L, -266711607L, 
-1473962493L, -1068748647L, -923221108L, 1420756265L, 1713176693L, 
-2027659064L, -1342836527L, -1198304550L, -1055800082L, 599878779L, 
1931084853L, -215339794L, -1342724067L, -2099714561L, 13541839L, 
533587219L, 1942880448L, -1715862854L, 1263962867L, -1650770864L, 
727497454L, 474113128L, -700183297L, 1552181208L, 2132731342L, 
-2062859462L, 1112089635L, 992883422L, 677935396L, 1627968767L, 
858346254L, -158315103L, 1548982971L, 586061511L, -2144680510L, 
-1788710437L, -709620245L, -281759883L, -1457270399L, 1099327579L, 
-912836763L, 1439237777L, 282745348L, -553023841L, -1709542998L, 
716386443L, -1124779882L, -1272764896L, -2061469945L, -364424234L, 
566699814L, -2057463100L, 212451875L, 1294339816L, 708764604L, 
1399304112L, 230602782L, 2558024L, -2053727620L, 2115769461L, 
368306736L, 1820638116L, -308966314L, 1106952589L, -810335552L, 
-1416154524L, -2093788202L, 1385719925L, -2066432463L, -1143556373L, 
-948854328L, -531484954L, 974800842L, -156157912L, -1288587689L, 
213076874L, 1085255996L, 287848022L, 1605639960L, 2136198930L, 
1734576635L, 2009583316L, -616212477L, -2019227895L, 1816446494L, 
1961965771L, 1642451824L, -1601501956L, -1527034714L, -140037545L, 
-1977980221L, -511350858L, -1142082708L, 1319807654L, 1150687773L, 
1801399809L, -1581120338L, -1522567381L, 591109891L, 979917708L, 
-1055643439L, -1183103009L, -304848467L, -374242529L, 817326991L, 
-33914575L, 577604493L, -399869443L, 1535226001L, 386943872L, 
-1797116617L, 1861448827L, -1701880226L, -1587823658L, -1660502228L, 
117937648L, 1712805015L, 65051736L, 50434356L, -1944831129L, 
1605364253L, 1521640225L, 456359470L, -1259116670L, -1654831305L, 
1790951823L, -715626290L, 1265278127L, -1121941046L, 1993564956L, 
-772186378L, 579636049L, -729583639L, -2111562962L, -869903509L, 
-1474654533L, 599151042L, -1683118710L, -1983745517L, -1829056654L, 
-1437469120L, -760259900L, -437157807L, 221143840L, -175027321L, 
-418983419L, -751831495L, 177502427L, -1948777776L, 1464956871L, 
-1129822628L, -2007920467L, 2049831873L, 656699264L, -652939958L, 
1414079250L, -893849628L, -855479468L, 1150843738L, 1423061297L, 
-958941561L, -1526653201L, 1424257027L, -577140898L, -1249113442L, 
-1829783746L, -1572927058L, 65570684L, -1480076292L, -1731987727L, 
1547355001L, -1597703501L, 1673874206L, -478350453L, 1942323744L, 
-858842841L, -672104184L, -510562227L, -793372030L, 106267934L, 
-1707775997L, -1778496958L, 771912367L, 2030056840L, 1972458373L, 
18088535L, 1213129911L, -631385257L, 1753067000L, -423499379L, 
803682755L, -639492718L, 1763319030L, -1150787131L, -1283911791L, 
-283727202L, -258658000L, 1640510817L, 949059235L, 422189500L, 
1076174959L, -1808782482L, -1349416305L, -534159557L, 990910363L, 
1357223512L, 2101843876L, 304994873L, 147093551L, 1548466755L, 
-2081817134L, 1320327127L, -772682150L, -75647870L, 58522073L, 
-1045229583L, 494759551L, -1577258741L, -655828871L, -1054805062L, 
958866734L, 46739680L, -119063882L, 1336491241L, -1068801986L, 
-81252538L, -262093821L, -1521129870L, 1927581955L, -1073646529L, 
-1034880652L, 490143198L, -791067136L, -1657993043L, -1503051521L, 
-1069619468L, -377868992L, 1146123047L, -1593041557L, -538052834L, 
-1180544399L, -1056184403L, -1866252378L, -57856278L, -1029287904L, 
-1552418922L, -1831985789L, 1650879849L, 888125079L, 742512079L, 
-636043559L, -1588226307L, -1769629953L, 340726084L, -532863008L, 
1617413970L, 79238955L, 1353757336L, 806691014L, 2029417466L, 
-1835431550L, 757640462L, 10141304L, -997892640L, 777525541L, 
-1387591656L, 685305874L, -8836803L, 1302120495L, 469272236L, 
-1072916505L, 1907894230L, 2038232333L, 1099451818L, 244499427L, 
-912614555L, -1494335236L, 316957030L, -363992716L, -1021100773L, 
652536337L, -287708624L, 690675416L, 1372155355L, 976588260L, 
846865956L, 338326042L, 132434737L, -925732753L, 870275404L, 
-2060033369L, -167880426L, -1649902241L, 1818308070L, 1272394215L, 
31565155L, 948193972L, 1047106116L, 228277054L, -1335225112L, 
320241524L, -799664641L, 314876254L, -436798043L, -1828143134L, 
2114676265L, 34201960L, -1254151369L, 1062496902L, -811802198L, 
-270954894L, -248272394L, 1337503627L, 814243647L, 983053690L, 
-2132552291L, 1313577296L, 35997342L, 1272288171L, -1853749733L, 
-1833427843L, 634554391L, -1744440621L, -163025223L, 1404823560L, 
2136844610L, 683294254L, -706876968L, -430549105L, -1053848094L, 
436633024L, -1135342860L, -602914403L, 129939662L, 1168670946L, 
-785293652L, 218721436L, 657697015L, -2110969183L, -80674336L, 
-1830410484L, -679377320L, -1891354426L, -119655754L, 334824329L, 
-387312377L, -902933348L, -1884931154L, 373729752L, 1291123615L, 
-2144236490L, 244161678L, -1822081222L, 1637191671L, 1608751517L, 
-1728254064L, 1210329602L, -402933537L, -806845229L, 1028585551L, 
-1044165367L, -910937286L, 425909978L, -1932657545L, -848332870L, 
-347647711L, -1079663370L, 2102587328L, 1454502367L, 1109537386L, 
687612247L, -876777848L, 1439608090L, -2123488172L, -712400099L, 
755085411L, -1137057087L, -160749270L, 1563218391L, -336943367L, 
-1133395845L, 668855798L, 1240191563L, -2116935458L, 1207620679L, 
-1314355460L, -568415587L, 1199630362L, -1678420286L, -1151980558L, 
-153685832L, -965768869L, 2121710684L, -1118043904L, 684237583L, 
1693616705L, 1591415651L, -446744482L, 1753306274L, 153479552L, 
-34897264L, 747368226L, 1492789183L, 297525446L, -1125797747L, 
2136136710L, -1496582462L, -454711976L, 1105187807L, 615852230L, 
-1342870274L, -3400256L, -543395564L, -1240592307L, -1447716835L, 
1845370313L, -482415501L, -612880727L, 2127900628L, -1012001159L, 
606660766L, 1557593204L, -1540402945L, 1131635715L, -1260171112L, 
1417379058L, -1190294058L, 320531579L, -173583886L, 1627875221L, 
-1681569474L, -968335267L, 1470567813L, 1218450674L, 981950066L, 
426862710L, -535828295L, -950039908L, -2043013306L, -1939488342L, 
1875096716L, 403511572L, -923388965L, -1662454510L, 879654928L, 
607237550L, -961354325L, 415953765L, -665689217L, -1472245066L, 
964914467L, -846589739L, 935636601L, -1721315892L, -1507842883L, 
-1247251263L, 337754927L, -1815869505L, 584318178L, -1367245805L, 
-1738291806L, -454662175L, -1011817012L, -1819909429L, 933172369L, 
2105816782L, 1189831409L, -420471634L, -484035217L, 1181574305L, 
-1650082336L, -862496944L, -1055821040L, 736811968L, -1424891002L, 
651742384L, 859479069L, -99877454L, -1522839118L, -552764016L, 
-1593277490L, -39569696L, -538648100L, -95414766L, 2053012360L, 
845060491L, 1725331675L, 2086655619L, 401256591L, -1906426409L, 
1894042789L, -1171872950L, -1210708043L, -585719609L, 163982195L, 
260503319L, 800397750L, -1713622738L, 45038667L, 1201254214L, 
-1023526345L, 1534478954L, -1123309580L, -1297995353L, -736521330L, 
